[Window][DockSpaceViewport_11111111]
Pos=0,0
Size=1753,1070
Collapsed=0

[Window][Texture Preview]
Pos=45,60
Size=400,231
Collapsed=0
DockId=0x00000001,0

[Window][Node Editor]
Pos=706,72
Size=963,634
Collapsed=0

[Window][Debug##Default]
Pos=228,259
Size=400,432
Collapsed=0

[Docking][Data]
DockNode  ID=0x00000001 Pos=45,60 Size=400,231 Selected=0x9F5F46A1
DockSpace ID=0x8B93E3BD Window=0xA787BDB4 Pos=0,0 Size=1753,1070 CentralNode=1


[NoiseToolMeshNoisePreview][Settings]
tri_limit=35000000
frequency=0.005000
iso_surface=0.000000
heightmap_multiplier=100.000000
seed=1851
color=16777215
mesh_type=0
enabled=1

[NoiseToolNoiseTexture][Settings]
frequency=0.020000
seed=1337
gen_type=0
export_size=4096:4096

[NoiseToolNodeGraph][Settings]
grid_offset=246.480759:-6.168451
frequency=0.020000
seed=1337
gen_type=0

[NoiseToolNodeData][Node:8]
id=9
grid_pos=-159.480759:57.168449

[NoiseToolNodeData][Node:38]
node=9
hybrid=0:0.540000
id=10
grid_pos=152.519241:205.168457
